

  *****  INDEX OF DATA SETS ON RESULTS FILE  *****

   SET   TIME/FREQ    LOAD STEP   SUBSTEP  CUMULATIVE
     1  0.0000             1         1         1                  
     2  0.0000             1         2         2                  
     3  0.0000             1         3         3                  
     4 0.63470E-04         1         4         4                  
     5 0.52526E-03         1         5         5                  
     6 0.20207E-02         1         6         6                  
     7  388.15             1         7         7                  
     8  546.60             1         8         8                  
     9  705.57             1         9         9                  
    10  861.03             1        10        10                  
    11  902.82             1        11        11                  
    12  958.26             1        12        12                  
    13  1023.7             1        13        13                  
    14  1116.0             1        14        14                  
    15  1276.1             1        15        15                  
    16  1330.2             1        16        16                  
    17  1345.7             1        17        17                  
    18  1381.3             1        18        18                  
    19  1452.7             1        19        19                  
    20  1556.8             1        20        20                  
