

  *****  INDEX OF DATA SETS ON RESULTS FILE  *****

   SET   TIME/FREQ    LOAD STEP   SUBSTEP  CUMULATIVE
     1  0.0000             1         1         1                  
     2  0.0000             1         2         2                  
     3 0.63961E-03         1         3         3                  
     4 0.65635E-03         1         4         4                  
     5 0.70742E-03         1         5         5                  
     6 0.44816E-02         1         6         6                  
     7  389.50             1         7         7                  
     8  549.67             1         8         8                  
     9  716.06             1         9         9                  
    10  893.87             1        10        10                  
    11  910.21             1        11        11                  
    12  967.84             1        12        12                  
    13  1031.6             1        13        13                  
    14  1128.2             1        14        14                  
    15  1289.7             1        15        15                  
    16  1362.6             1        16        16                  
    17  1383.5             1        17        17                  
    18  1411.2             1        18        18                  
    19  1463.3             1        19        19                  
    20  1607.3             1        20        20                  
